Best epoch is 10
Val-IoU-bdds= 0.2635
Val-IoU-IDD= 0.4680
Val-IoU-CS= 0.3657
Val-IoU-Map= 0.3707
Val-IoU-gta= 0.3652


Classwise IoU for best epoch in bdds is ... 
0.7979 0.0000 0.3846 0.0000 0.3018 0.0000 0.0018 0.0100 0.0000 0.7647 0.2859 0.2774 0.0000 0.0000 0.1041 0.2594 0.6096 0.0000 0.2986 0.1637 0.2756 0.0000 0.6689 0.0000 0.7726 0.8740 

Classwise IoU for best epoch in IDD is ... 
0.8983 0.5932 0.3813 0.2607 0.4736 0.4581 0.5618 0.0000 0.6478 0.8135 0.4848 0.6321 0.1271 0.5845 0.6347 0.2044 0.1444 0.5238 0.1180 0.0000 0.3523 0.3264 0.6107 0.5395 0.8463 0.9510 

Classwise IoU for best epoch in CS is ... 
0.8802 0.1508 0.6151 0.0874 0.5812 0.1578 0.5010 0.0000 0.0000 0.8683 0.3620 0.3433 0.2011 0.0000 0.1887 0.2865 0.6448 0.0000 0.3514 0.2430 0.3366 0.0000 0.8105 0.3407 0.8507 0.7079 

Classwise IoU for best epoch in Map is ... 
0.7658 0.0001 0.3773 0.0000 0.4925 0.1846 0.3912 0.0000 0.0000 0.8054 0.3919 0.4670 0.0000 0.2681 0.1896 0.3957 0.3956 0.2708 0.4144 0.3342 0.3593 0.0435 0.7670 0.5458 0.8468 0.9323 

Classwise IoU for best epoch in gta is ... 
0.8198 0.0000 0.6579 0.0000 0.6929 0.0846 0.2092 0.0000 0.0000 0.7426 0.6419 0.5533 0.0220 0.0000 0.3336 0.2314 0.7098 0.0000 0.2032 0.3050 0.3621 0.0000 0.7573 0.5070 0.7502 0.9112 

